2018 
1

2017
1

2016
.97575

2015
.97164444

2014
.975175

2013
.9717714286

2012
.9733333333

2011
.9707272727

2010
.9771515152

2009
.9805

2008
.9791333333

2007
.9843333333

2006
.9893103448

2005
.9945714286

2003
1

2002
1

1397
.9193

1396
.9273

1395
.9449

1394
.9518

1393
.9528

1392
.9466

1391
.9472

1390
.9542

1389
.9964

1388
.9964912281

1387
.9969090909

1386
.9974074074

1385
.9978571429

1384
.9980769231

1383
.9864705882

1382
.9915151515

1381
.996

1380
1

1379


1378


1377


1376


1375


1374


1373


1372


1371


1370



























